58410002
58426449
46853969
46603406
39347445
35002155
41014848
34830069
38600964
40002612
34901826
34648213
37137163
42557479
34822896
35381078
45018373
45003320
41091285
34769880
46144829
55598152
46649695
43122909
43198950
43218624
44418517
58287323
58502680
39861339
55549788
19762574
48505834
49351174
14235292
48447167
47591541
57089721
32619348
57190154
51946187
58559460
58572818
57954633
47468656
47555994
58749865
47564730
55410440
55396026
55410457
58373477
58757612
48583966
54489268
58386995
48064987
57182278
48400918
58416843
47485577
47507595
49142843
47460705
55165265
55265937
47515684
52134165
47958118
49284565
49365956
50954859
48383636
44559825
45083226
49730061
50925189
43268690
50283695
49820144
48118563
48383565
43283456
45296972
49459388
43311231
58922779
47454468
58899816
58898885
48383745
50070299
43122406
46881433
48869397
46327102
49215818
49202441
55324024
58374868
58162484
43122909
43198950
43218624
47004045
43298541
46621322
46727867
43567318
47314291
43819123
50232802
49729173
49730061
49976338
58747426
36369358
